
Gurobi 10.0.1 (mac64[arm]) logging started Mon Apr 24 23:00:33 2023

Set parameter LogFile to value "pf4_out/cogentco_uniform.txt"
Gurobi Optimizer version 10.0.1 build v10.0.1rc0 (mac64[arm])

CPU model: Apple M2 Pro
Thread count: 12 physical cores, 12 logical processors, using up to 12 threads

Optimize a model with 32640 rows, 32220 columns and 419126 nonzeros
Model fingerprint: 0xf17ab73f
Coefficient statistics:
  Matrix range     [1e+00, 1e+00]
  Objective range  [1e+00, 1e+00]
  Bounds range     [0e+00, 0e+00]
  RHS range        [8e-06, 1e+00]
Presolve removed 32220 rows and 0 columns
Presolve time: 0.03s
Presolved: 420 rows, 32220 columns, 386906 nonzeros

Ordering time: 0.00s

Barrier statistics:
 AA' NZ     : 4.001e+04
 Factor NZ  : 8.063e+04 (roughly 14 MB of memory)
 Factor Ops : 2.042e+07 (less than 1 second per iteration)
 Threads    : 12

                  Objective                Residual
Iter       Primal          Dual         Primal    Dual     Compl     Time
   0   4.01151607e+04  2.60821153e+04  7.11e+03 0.00e+00  1.83e+00     0s
   1   1.32238423e+04  1.68498498e+04  2.19e+03 1.22e-01  5.88e-01     0s
   2   4.38375230e+03  7.27278935e+03  5.79e+02 3.47e-02  1.69e-01     0s
   3   2.40983579e+03  3.43339977e+03  2.51e+02 1.08e-02  6.79e-02     0s
   4   1.67965349e+03  2.14299205e+03  1.39e+02 4.87e-03  3.70e-02     0s
   5   1.40083156e+03  1.60362584e+03  1.01e+02 3.13e-03  2.57e-02     0s
   6   1.23261099e+03  1.26613020e+03  8.19e+01 1.98e-03  1.95e-02     0s
   7   1.12723400e+03  1.09677135e+03  7.02e+01 1.40e-03  1.63e-02     0s
   8   1.02588817e+03  8.97297662e+02  5.94e+01 1.00e-03  1.28e-02     0s
   9   8.78882861e+02  7.81295405e+02  4.34e+01 2.84e-04  9.69e-03     0s
  10   7.89513962e+02  6.56055457e+02  3.46e+01 2.44e-15  7.42e-03     0s
  11   7.56673085e+02  6.08002379e+02  3.16e+01 3.11e-15  6.58e-03     0s
  12   6.75435225e+02  5.68188998e+02  2.41e+01 4.59e-04  5.26e-03     0s
  13   6.28974692e+02  5.41391352e+02  2.01e+01 1.40e-04  4.53e-03     0s
  14   6.01550234e+02  5.04719287e+02  1.79e+01 3.11e-15  3.90e-03     0s
  15   5.92880680e+02  4.88237868e+02  1.73e+01 2.66e-15  3.71e-03     0s
  16   5.79884642e+02  4.68262045e+02  1.63e+01 3.55e-15  3.40e-03     0s
  17   5.46112291e+02  4.57080399e+02  1.37e+01 2.89e-15  3.01e-03     0s
  18   5.34863383e+02  4.27712518e+02  1.30e+01 4.66e-15  2.63e-03     0s
  19   5.04196145e+02  4.17779688e+02  1.10e+01 3.77e-15  2.31e-03     0s
  20   4.95629875e+02  4.04203524e+02  1.04e+01 4.00e-15  2.10e-03     0s
  21   4.87967321e+02  3.98395996e+02  9.89e+00 4.88e-15  1.99e-03     0s
  22   4.74307183e+02  3.86856934e+02  9.02e+00 4.00e-15  1.78e-03     0s
  23   4.60841056e+02  3.82495311e+02  8.17e+00 4.88e-15  1.65e-03     0s
  24   4.52008470e+02  3.72915352e+02  7.62e+00 4.44e-15  1.51e-03     0s
  25   4.46422625e+02  3.68994698e+02  7.29e+00 4.66e-15  1.44e-03     0s
  26   4.34814345e+02  3.62378046e+02  6.61e+00 4.88e-15  1.31e-03     0s
  27   4.27717243e+02  3.57749361e+02  6.19e+00 4.00e-15  1.22e-03     0s
  28   4.19879611e+02  3.50660586e+02  5.75e+00 6.88e-15  1.11e-03     0s
  29   4.13043687e+02  3.47820037e+02  5.37e+00 5.55e-15  1.05e-03     0s
  30   4.05886582e+02  3.44621461e+02  4.98e+00 4.66e-15  9.82e-04     0s
  31   4.01547566e+02  3.39664332e+02  4.75e+00 6.22e-15  9.21e-04     0s
  32   3.93913735e+02  3.36895001e+02  4.36e+00 5.33e-15  8.58e-04     0s
  33   3.90754947e+02  3.35792290e+02  4.20e+00 6.44e-15  8.29e-04     0s
  34   3.83729434e+02  3.31811669e+02  3.86e+00 5.33e-15  7.57e-04     0s
  35   3.81378379e+02  3.27895596e+02  3.75e+00 6.44e-15  7.00e-04     0s
  36   3.73077751e+02  3.25298781e+02  3.35e+00 4.66e-15  6.33e-04     0s
  37   3.67744114e+02  3.22916593e+02  3.09e+00 7.11e-15  5.85e-04     0s
  38   3.64003045e+02  3.20427184e+02  2.91e+00 6.00e-15  5.44e-04     0s
  39   3.58710656e+02  3.19121939e+02  2.66e+00 6.44e-15  5.01e-04     0s
  40   3.54229163e+02  3.17032085e+02  2.44e+00 6.22e-15  4.63e-04     0s
  41   3.51871425e+02  3.15357863e+02  2.33e+00 6.44e-15  4.38e-04     0s
  42   3.49241737e+02  3.14329694e+02  2.21e+00 6.66e-15  4.17e-04     0s
  43   3.46249882e+02  3.13227663e+02  2.08e+00 7.33e-15  3.94e-04     0s
  44   3.44080336e+02  3.12187926e+02  1.98e+00 5.55e-15  3.76e-04     0s
  45   3.42856208e+02  3.10863572e+02  1.92e+00 9.55e-15  3.60e-04     0s
  46   3.40686216e+02  3.10045155e+02  1.83e+00 7.11e-15  3.45e-04     0s
  47   3.38759858e+02  3.09381424e+02  1.74e+00 7.77e-15  3.31e-04     0s
  48   3.38121850e+02  3.08683267e+02  1.72e+00 7.33e-15  3.22e-04     0s
  49   3.37217980e+02  3.07905244e+02  1.68e+00 7.77e-15  3.12e-04     0s
  50   3.34386332e+02  3.06662685e+02  1.56e+00 8.66e-15  2.91e-04     0s
  51   3.33656913e+02  3.05972248e+02  1.53e+00 7.33e-15  2.81e-04     0s
  52   3.32511619e+02  3.05324064e+02  1.48e+00 7.77e-15  2.71e-04     0s
  53   3.31074922e+02  3.04160551e+02  1.41e+00 7.55e-15  2.57e-04     0s
  54   3.29645160e+02  3.03244014e+02  1.36e+00 8.22e-15  2.46e-04     0s
  55   3.28502634e+02  3.01912868e+02  1.31e+00 6.88e-15  2.31e-04     0s
  56   3.24881120e+02  3.01050437e+02  1.17e+00 7.99e-15  2.11e-04     0s
  57   3.23298402e+02  3.00539684e+02  1.11e+00 8.88e-15  2.01e-04     1s
  58   3.22115950e+02  2.99955660e+02  1.07e+00 7.99e-15  1.92e-04     1s
  59   3.20387169e+02  2.99149585e+02  1.00e+00 7.77e-15  1.81e-04     1s
  60   3.18964296e+02  2.98562114e+02  9.50e-01 7.55e-15  1.72e-04     1s
  61   3.18270431e+02  2.98234702e+02  9.26e-01 9.77e-15  1.66e-04     1s
  62   3.17360214e+02  2.97298890e+02  8.95e-01 7.55e-15  1.52e-04     1s
  63   3.13606118e+02  2.96055540e+02  7.63e-01 6.00e-15  1.26e-04     1s
  64   3.12938541e+02  2.95663904e+02  7.40e-01 6.66e-15  1.18e-04     1s
  65   3.10798072e+02  2.94949733e+02  6.66e-01 7.11e-15  1.04e-04     1s
  66   3.08691580e+02  2.94750657e+02  5.93e-01 7.11e-15  9.62e-05     1s
  67   3.07890866e+02  2.94344159e+02  5.63e-01 7.77e-15  9.07e-05     1s
  68   3.07033540e+02  2.93983409e+02  5.35e-01 9.55e-15  8.40e-05     1s
  69   3.06743911e+02  2.93434654e+02  5.25e-01 9.10e-15  7.78e-05     1s
  70   3.04505431e+02  2.93414883e+02  4.50e-01 7.11e-15  7.00e-05     1s
  71   3.03974987e+02  2.93273314e+02  4.32e-01 9.99e-15  6.77e-05     1s
  72   3.02490833e+02  2.92798260e+02  3.86e-01 7.11e-15  5.99e-05     1s
  73   3.01528156e+02  2.92276402e+02  3.54e-01 6.44e-15  5.09e-05     1s
  74   3.01214928e+02  2.92031424e+02  3.44e-01 7.55e-15  4.75e-05     1s
  75   2.99511934e+02  2.91523344e+02  2.89e-01 7.77e-15  3.88e-05     1s
  76   2.98877501e+02  2.91546732e+02  2.69e-01 8.22e-15  3.63e-05     1s
  77   2.97619717e+02  2.91453805e+02  2.31e-01 7.55e-15  3.26e-05     1s
  78   2.95794878e+02  2.90933607e+02  1.74e-01 6.22e-15  2.35e-05     1s
  79   2.95017031e+02  2.90518903e+02  1.49e-01 8.22e-15  1.70e-05     1s
  80   2.94648205e+02  2.90442708e+02  1.37e-01 7.99e-15  1.58e-05     1s
  81   2.94400947e+02  2.90384556e+02  1.30e-01 1.02e-14  1.45e-05     1s
  82   2.93570743e+02  2.90362272e+02  1.05e-01 6.22e-15  1.17e-05     1s
  83   2.92645048e+02  2.90219778e+02  7.65e-02 2.35e-14  7.61e-06     1s
  84   2.92545049e+02  2.90175951e+02  7.35e-02 3.26e-14  7.21e-06     1s
  85   2.91928021e+02  2.90148655e+02  5.74e-02 1.71e-14  6.76e-06     1s
  86   2.91771591e+02  2.90141263e+02  5.25e-02 1.82e-14  6.24e-06     1s
  87   2.90709922e+02  2.90063650e+02  2.00e-02 8.22e-15  2.05e-06     1s
  88   2.90641963e+02  2.90054404e+02  1.79e-02 1.22e-14  1.71e-06     1s
  89   2.90294585e+02  2.90052545e+02  7.41e-03 8.66e-15  7.27e-07     1s
  90   2.90050799e+02  2.90051492e+02  0.00e+00 1.09e-14  1.07e-08     1s
  91   2.90051215e+02  2.90051215e+02  2.27e-12 1.02e-14  8.83e-14     1s

Barrier solved model in 91 iterations and 0.77 seconds (1.12 work units)
Optimal objective 2.90051215e+02

Crossover log...

      15 DPushes remaining with DInf 0.0000000e+00                 1s
       0 DPushes remaining with DInf 0.0000000e+00                 1s

    1014 PPushes remaining with PInf 0.0000000e+00                 1s
       0 PPushes remaining with PInf 0.0000000e+00                 1s

  Push phase complete: Pinf 0.0000000e+00, Dinf 0.0000000e+00      1s

Iteration    Objective       Primal Inf.    Dual Inf.      Time
    1032    2.9005122e+02   0.000000e+00   0.000000e+00      1s

Solved in 1032 iterations and 0.78 seconds (1.14 work units)
Optimal objective  2.900512153e+02
